2.626	   0.00  -0.00   0.00   0.00  -0.00   0.00   0.00
3.118	  -0.00   0.00  -0.00   0.00  -0.00  -0.00   0.00
3.287	  -0.00   0.00  -0.00   0.00  -0.00  -0.00   0.00
3.460	  -0.00   0.00  -0.00   0.00  -0.00   0.00   0.00
3.733	   0.00  -0.00   0.01  -0.00  -0.00  -0.00   0.00
3.993	  -0.01  -0.00   0.01  -0.00  -0.00  -0.00   0.00
4.251	  -0.00  -0.01  -0.01   0.00   0.00  -0.00   0.00
4.439	  -0.01  -0.00  -0.01  -0.00  -0.00  -0.00   0.00
4.622	  -0.01  -0.00  -0.01  -0.00  -0.00  -0.00   0.00
4.794	  -0.01   0.00  -0.11  -0.00  -0.00  -0.00   0.00
5.031	  -0.02  -0.01  -0.32  -0.00  -0.00  -0.00   0.00
5.301	  -0.02  -0.01  -0.37   0.00  -0.00  -0.00   0.00
5.557	  -0.04  -0.02  -0.62   0.00  -0.00   0.00   0.00
5.751	  -0.04  -0.02  -0.62   0.00  -0.00   0.00   0.00
5.999	  -0.06  -0.03  -0.81   0.00  -0.01   0.00   0.00
6.216	  -0.07  -0.03  -0.85   0.00  -0.01   0.00   0.00
6.388	  -0.09  -0.05  -1.03   0.00  -0.01   0.00   0.00
6.621	  -0.09  -0.05  -1.03   0.00  -0.01   0.00   0.00
6.854	  -0.12  -0.07  -1.57   0.00  -0.01   0.00   0.00
7.085	  -0.12  -0.07  -1.57   0.00  -0.01   0.00   0.00
7.279	  -0.12  -0.06  -1.64   0.00  -0.01   0.00   0.00
7.537	  -0.14  -0.07  -1.85   0.00  -0.01   0.00   0.00
7.796	  -0.14  -0.06  -1.87   0.00  -0.01   0.00   0.00
8.036	  -0.16  -0.06  -2.04   0.00  -0.01   0.00   0.00
8.293	  -0.16  -0.05  -2.06   0.00  -0.01   0.00   0.00
8.513	  -0.16  -0.06  -2.15   0.00  -0.01   0.00   0.00
8.732	  -0.16  -0.06  -2.15   0.00  -0.01   0.00   0.00
8.904	  -0.17  -0.06  -2.28   0.00  -0.01   0.00   0.00
9.260	  -0.16  -0.04  -2.28  -0.00  -0.01   0.00   0.00
9.453	  -0.17  -0.03  -2.35  -0.00  -0.01   0.00   0.00
9.719	  -0.17  -0.02  -2.29  -0.00  -0.01   0.00   0.00
9.938	  -0.17  -0.01  -2.36  -0.00  -0.01   0.00   0.00
10.110	  -0.17  -0.01  -2.36  -0.00  -0.01   0.00   0.00
10.377	  -0.19  -0.00  -2.50  -0.01  -0.02   0.00   0.00
10.637	  -0.19   0.01  -2.49  -0.01  -0.02   0.00   0.00
10.894	  -0.21   0.04  -2.74  -0.01  -0.02   0.00   0.00
11.185	  -0.22   0.06  -2.72  -0.01  -0.02  -0.00   0.00
11.442	  -0.24   0.08  -2.80  -0.01  -0.02  -0.00   0.00
11.670	  -0.26   0.08  -2.81  -0.01  -0.02  -0.00   0.00
11.912	  -0.26   0.09  -2.85  -0.02  -0.02  -0.00   0.00
12.084	  -0.28   0.11  -2.90  -0.02  -0.02  -0.00   0.00
12.372	  -0.28   0.12  -2.92  -0.02  -0.03  -0.00   0.00
12.617	  -0.30   0.13  -2.99  -0.02  -0.03  -0.00   0.00
12.856	  -0.30   0.13  -2.99  -0.02  -0.03  -0.00   0.00
13.051	  -0.30   0.15  -3.08  -0.02  -0.03  -0.00   0.00
13.309	  -0.31   0.16  -3.12  -0.02  -0.03  -0.00   0.00
13.504	  -0.32   0.17  -3.05  -0.02  -0.03  -0.00   0.00
13.735	  -0.32   0.17  -3.09  -0.02  -0.03  -0.00   0.00
13.983	  -0.32   0.18  -3.03  -0.02  -0.03  -0.00   0.00
14.195	  -0.32   0.18  -3.03  -0.02  -0.03  -0.00   0.00
14.368	  -0.31   0.18  -2.96  -0.02  -0.03  -0.00   0.00
14.590	  -0.31   0.17  -2.91  -0.02  -0.03  -0.00   0.00
14.848	  -0.31   0.18  -2.85  -0.02  -0.03  -0.00   0.00
15.107	  -0.30   0.17  -2.71  -0.02  -0.03  -0.00   0.00
15.365	  -0.29   0.17  -2.62  -0.02  -0.03  -0.00   0.00
15.566	  -0.29   0.17  -2.62  -0.02  -0.03  -0.00   0.00
15.734	  -0.24   0.16  -2.20  -0.02  -0.02  -0.00   0.00
15.906	  -0.19   0.14  -1.83  -0.02  -0.02  -0.00   0.00
16.166	  -0.16   0.13  -1.54  -0.02  -0.02  -0.00   0.00
16.392	  -0.16   0.13  -1.54  -0.02  -0.02  -0.00   0.00
16.649	  -0.13   0.11  -1.31  -0.01  -0.01  -0.00   0.00
16.910	  -0.09   0.09  -1.06  -0.01  -0.01  -0.00   0.00
17.155	  -0.07   0.08  -0.92  -0.01  -0.01  -0.00   0.00
17.381	  -0.06   0.06  -0.78  -0.01  -0.01  -0.00   0.00
17.600	  -0.05   0.05  -0.68  -0.01  -0.01  -0.00   0.00
17.772	  -0.05   0.04  -0.56  -0.00  -0.01  -0.00   0.00
17.968	  -0.05   0.04  -0.56  -0.00  -0.01  -0.00   0.00
18.233	  -0.03   0.03  -0.43  -0.00  -0.00  -0.00   0.00
18.465	  -0.04   0.01  -0.40  -0.00  -0.01   0.00   0.00
18.749	  -0.03   0.02  -0.38  -0.00  -0.01  -0.00   0.00
19.024	  -0.02   0.01  -0.32  -0.00  -0.00   0.00   0.00
19.261	  -0.02   0.01  -0.29   0.00  -0.00  -0.00   0.00
19.583	  -0.02   0.00  -0.27   0.00  -0.00  -0.00   0.00
19.825	  -0.02  -0.00  -0.23   0.00  -0.00  -0.00   0.00
20.030	  -0.02  -0.01  -0.20   0.00  -0.00   0.00   0.00
20.215	  -0.02  -0.01  -0.20   0.00  -0.00   0.00   0.00
20.437	  -0.02  -0.01  -0.16   0.00  -0.00   0.00   0.00
20.695	  -0.03  -0.01  -0.13   0.00  -0.00   0.00   0.00
20.960	  -0.02  -0.01  -0.12   0.00  -0.00   0.00   0.00
21.137	  -0.02  -0.01  -0.10   0.00  -0.00   0.00   0.00
21.333	  -0.02  -0.01  -0.11   0.00  -0.00   0.00   0.00
21.575	  -0.02  -0.01  -0.11   0.00  -0.00   0.00   0.00
21.799	  -0.02  -0.01  -0.09   0.00  -0.00   0.00   0.00
22.026	  -0.02  -0.01  -0.09   0.00  -0.00   0.00   0.00
22.384	  -0.02  -0.01  -0.07   0.00  -0.00   0.00   0.00
22.640	  -0.02  -0.01  -0.06   0.00  -0.00   0.00   0.00
22.868	  -0.02   0.01  -0.03   0.00  -0.00   0.00   0.00
23.101	   0.00   0.01  -0.02   0.00  -0.00   0.00   0.00
23.271	   0.01   0.02   0.00   0.00  -0.00   0.00   0.00
23.443	   0.01   0.02   0.00   0.00  -0.00   0.00   0.00
23.774	   0.01   0.02  -0.00   0.00  -0.00   0.00   0.00
24.001	   0.02   0.02   0.01   0.00  -0.00   0.00   0.00
24.335	   0.02   0.02   0.01   0.00  -0.00   0.00   0.00
24.592	   0.02   0.02   0.01   0.00  -0.00   0.00   0.00
24.849	   0.01   0.03   0.01   0.00  -0.00   0.00   0.00
25.083	   0.01   0.03  -0.00   0.00  -0.00   0.00   0.00
25.321	   0.01   0.02   0.02   0.00  -0.00   0.00   0.00
25.565	   0.01   0.02  -0.00   0.00  -0.00   0.00   0.00
25.737	   0.01   0.02   0.02   0.00  -0.00   0.00   0.00
25.927	   0.01   0.02   0.02   0.00  -0.00   0.00   0.00
26.305	   0.03   0.03   0.01   0.00  -0.00   0.00   0.00
26.563	   0.01   0.02   0.02   0.00  -0.00   0.00   0.00
26.807	  -0.00   0.03   0.02   0.00  -0.00   0.00   0.00
26.985	  -0.00   0.03   0.02   0.00  -0.00   0.00   0.00
27.157	   0.02   0.03  -0.00   0.00  -0.00   0.00   0.00
27.340	   0.02   0.03  -0.00   0.00  -0.00   0.00   0.00
27.530	   0.00   0.02   0.00   0.00  -0.00   0.00   0.00
27.792	   0.08   0.03   0.03   0.00   0.00   0.00   0.00
28.158	  -0.05   0.04   0.01   0.00  -0.00   0.00   0.00
28.400	  -0.00   0.03   0.00   0.00  -0.00   0.00   0.00
28.644	  -0.00   0.03   0.00   0.00  -0.00   0.00   0.00
28.815	  -0.00   0.03   0.01   0.00  -0.00   0.00   0.00
28.987	  -0.00   0.03   0.01   0.00  -0.00   0.00   0.00
29.169	  -0.00   0.03   0.01   0.00  -0.00   0.00   0.00
29.427	  -0.00   0.03   0.01   0.00  -0.00   0.00   0.00
