2.567	  -0.02   0.02   0.02  -0.00   0.00  -0.00   0.00
2.777	  -0.02   0.01  -0.02  -0.00   0.00  -0.00   0.00
2.949	  -0.02   0.01  -0.02  -0.00   0.00  -0.00   0.00
3.121	  -0.02   0.01   0.02  -0.00   0.00  -0.00   0.00
3.293	  -0.02   0.02   0.01   0.00   0.00  -0.00   0.00
3.454	  -0.02   0.02   0.01   0.00   0.00  -0.00   0.00
3.613	  -0.02   0.01  -0.01   0.00   0.00  -0.00   0.00
3.773	  -0.02   0.01  -0.01   0.00   0.00  -0.00   0.00
3.945	  -0.03   0.02   0.01   0.00   0.00  -0.00   0.00
4.117	  -0.02   0.01   0.02   0.00   0.00  -0.00   0.00
4.289	  -0.02   0.01   0.02   0.00   0.00  -0.00   0.00
4.461	  -0.02   0.02  -0.17  -0.00  -0.00  -0.00   0.00
4.635	  -0.03   0.01  -0.49  -0.00  -0.00  -0.00   0.00
4.807	  -0.03   0.01  -0.49  -0.00  -0.00  -0.00   0.00
4.979	  -0.01   0.01  -0.69   0.00  -0.01  -0.00   0.00
5.151	  -0.01   0.01  -0.69   0.00  -0.01  -0.00   0.00
5.311	   0.00   0.02  -0.77   0.00  -0.01  -0.00   0.00
5.471	   0.01   0.02  -1.00   0.00  -0.01  -0.00   0.00
5.631	   0.01   0.02  -1.00   0.00  -0.01  -0.00   0.00
5.803	   0.01   0.02  -1.13   0.00  -0.01  -0.00   0.00
5.975	   0.01   0.02  -1.13   0.00  -0.01  -0.00   0.00
6.147	   0.02   0.00  -1.21   0.00  -0.01  -0.00   0.00
6.319	   0.02  -0.00  -1.44   0.00  -0.01  -0.00   0.00
6.489	   0.02  -0.00  -1.44   0.00  -0.01  -0.00   0.00
6.649	   0.03   0.02  -1.61   0.00  -0.02  -0.00   0.00
6.809	   0.03   0.02  -1.73   0.00  -0.02  -0.00   0.00
6.982	   0.03   0.02  -1.73   0.00  -0.02  -0.00   0.00
7.153	   0.03   0.02  -1.85   0.00  -0.02  -0.00   0.00
7.325	   0.03   0.02  -1.85   0.00  -0.02  -0.00   0.00
7.497	   0.03   0.00  -1.96   0.00  -0.02  -0.00   0.00
7.669	   0.02   0.03  -2.11  -0.00  -0.02  -0.00   0.00
7.841	   0.02   0.03  -2.11  -0.00  -0.02  -0.00   0.00
8.013	   0.02   0.01  -2.17   0.00  -0.02  -0.00   0.00
8.185	   0.02   0.01  -2.24   0.00  -0.03  -0.00   0.00
8.357	   0.02   0.01  -2.24   0.00  -0.03  -0.00   0.00
8.529	   0.02   0.00  -2.45   0.00  -0.03  -0.00   0.00
8.701	   0.02   0.00  -2.45   0.00  -0.03  -0.00   0.00
8.861	   0.01   0.02  -2.42  -0.00  -0.03  -0.00   0.00
9.021	   0.01   0.01  -2.52   0.00  -0.03  -0.00   0.00
9.193	   0.01   0.01  -2.52   0.00  -0.03  -0.00   0.00
9.365	   0.00   0.00  -2.58   0.00  -0.03  -0.00   0.00
9.537	   0.00   0.00  -2.58   0.00  -0.03  -0.00   0.00
9.720	   0.00  -0.00  -2.67   0.00  -0.03   0.00   0.00
9.891	  -0.00  -0.01  -2.76   0.00  -0.04   0.00   0.00
10.051	  -0.00  -0.01  -2.76   0.00  -0.04   0.00   0.00
10.211	  -0.01  -0.02  -2.84   0.00  -0.04   0.00   0.00
10.383	   0.00  -0.01  -3.00   0.00  -0.04   0.00   0.00
10.555	   0.00  -0.01  -3.00   0.00  -0.04   0.00   0.00
10.727	   0.01  -0.01  -3.03   0.00  -0.04   0.00   0.00
10.899	   0.01  -0.01  -3.03   0.00  -0.04   0.00   0.00
11.071	   0.01  -0.05  -3.01   0.01  -0.04   0.00   0.00
11.243	   0.01  -0.05  -2.90   0.01  -0.04   0.00   0.00
11.415	   0.01  -0.05  -2.90   0.01  -0.04   0.00   0.00
11.587	   0.01  -0.04  -2.85   0.00  -0.04   0.00   0.00
11.759	   0.01  -0.04  -2.81   0.00  -0.04   0.00   0.00
11.931	   0.01  -0.04  -2.81   0.00  -0.04   0.00   0.00
12.091	  -0.02   0.06  -2.71  -0.01  -0.04  -0.00   0.00
12.251	  -0.02   0.06  -2.71  -0.01  -0.04  -0.00   0.00
12.411	   0.00   0.00  -1.97   0.00  -0.02  -0.00   0.00
12.587	   0.02   0.04  -1.66  -0.00  -0.02  -0.00   0.00
12.765	   0.02   0.04  -1.66  -0.00  -0.02  -0.00   0.00
12.937	   0.05   0.04  -1.38  -0.00  -0.01  -0.00   0.00
13.109	   0.05   0.04  -1.20  -0.00  -0.01  -0.00   0.00
13.281	   0.05   0.04  -1.20  -0.00  -0.01  -0.00   0.00
13.441	   0.05   0.03  -1.16  -0.00  -0.01  -0.00   0.00
13.601	   0.05   0.03  -1.16  -0.00  -0.01  -0.00   0.00
13.773	   0.05   0.03  -1.10  -0.00  -0.01  -0.00   0.00
13.945	   0.08   0.05  -1.01  -0.00  -0.01  -0.00   0.00
14.118	   0.08   0.05  -1.01  -0.00  -0.01  -0.00   0.00
14.289	   0.04   0.03  -0.87  -0.00  -0.00  -0.00   0.00
14.461	   0.04   0.02  -0.76  -0.00  -0.00  -0.00   0.00
14.633	   0.04   0.02  -0.76  -0.00  -0.00  -0.00   0.00
14.825	   0.02  -0.00  -0.63  -0.00  -0.00  -0.00   0.00
14.997	   0.02  -0.00  -0.63  -0.00  -0.00  -0.00   0.00
15.169	   0.03   0.02  -0.48  -0.00  -0.00  -0.00   0.00
15.341	   0.01   0.01  -0.35  -0.00  -0.00  -0.00   0.00
15.501	   0.01   0.01  -0.35  -0.00  -0.00  -0.00   0.00
15.661	   0.01   0.00  -0.26  -0.00  -0.00  -0.00   0.00
15.821	   0.01   0.01  -0.20  -0.00  -0.00  -0.00   0.00
15.993	   0.01   0.01  -0.20  -0.00  -0.00  -0.00   0.00
16.166	   0.00   0.01  -0.14  -0.00  -0.00  -0.00   0.00
16.337	   0.00   0.01  -0.14  -0.00  -0.00  -0.00   0.00
16.510	  -0.00   0.01  -0.05  -0.00   0.00  -0.00   0.00
16.681	  -0.01   0.00   0.03  -0.00   0.00  -0.00   0.00
16.841	  -0.01   0.00   0.03  -0.00   0.00  -0.00   0.00
17.001	  -0.00   0.00   0.00  -0.00   0.00  -0.00   0.00
17.162	  -0.00   0.00   0.00  -0.00   0.00  -0.00   0.00
17.333	   0.00   0.00   0.02  -0.00   0.00  -0.00   0.00
17.506	  -0.00   0.00   0.01  -0.00   0.00  -0.00   0.00
17.677	  -0.00   0.00   0.01  -0.00   0.00  -0.00   0.00
17.849	   0.00  -0.00   0.02  -0.00   0.00  -0.00   0.00
18.021	  -0.00  -0.00   0.02  -0.00   0.00  -0.00   0.00
18.193	  -0.00  -0.00   0.02  -0.00   0.00  -0.00   0.00
18.365	   0.00   0.00   0.01  -0.00   0.00  -0.00   0.00
18.537	   0.00   0.00   0.01  -0.00   0.00  -0.00   0.00
18.710	   0.00   0.00   0.01  -0.00   0.00  -0.00   0.00
18.881	   0.00   0.00   0.02  -0.00   0.00  -0.00   0.00
19.060	   0.00   0.00   0.02  -0.00   0.00  -0.00   0.00
19.225	   0.01  -0.00  -0.02  -0.00   0.00  -0.00   0.00
19.385	   0.01  -0.02   0.01  -0.00   0.00  -0.00   0.00
